
# Autogenerated configuration file - do not hand edit

image_width: 640
image_height: 480
camera_name: camera_1
camera_matrix:
  rows: 3
  cols: 3
  data: [884.408517, 0, 360.230571, 0, 886.415847, 233.099646, 0, 0, 1]
distortion_model: plumb_bob
distortion_coefficients:
  rows: 1
  cols: 5
  data: [-0.376257, 0.207547, 0.000812, -0.000669, 0]
rectification_matrix:
  rows: 3
  cols: 3
  data: [1, 0, 0, 0, 1, 0, 0, 0, 1]
projection_matrix:
  rows: 3
  cols: 4
  data: [836.631348, 0, 363.603396, 0, 0, 859.183655, 232.39282, 0, 0, 0, 1, 0]

